# Diverging Red Blue Palette
drb_palette <-
    c("#053061",
      "#313695",
      "#4575b4",
      "#74add1",
      "#abd9e9",
      "#e0f3f8",
      # "#ffffbf",
      "#fee090",
      "#fdae61",
      "#f46d43",
      "#d73027",
      "#a50026",
      '#67001f')
